.Random.seed <-
c(10403L, 2L, 1660655513L, -711053269L, -398047974L, -245577764L, 
-2013853217L, 1087278517L, -1789289652L, 351222178L, -1582958339L, 
-1632066057L, 351642398L, -2143248936L, -1323059397L, 2048827609L, 
1094233192L, 915427734L, 1837011217L, 1489683139L, 1260993234L, 
1104202596L, -875823449L, -434608131L, -201743884L, 934989530L, 
1968402469L, -573801153L, -1637707066L, -425345200L, 1926373235L, 
388686225L, -2055064640L, -1662380642L, 1572185961L, 870753179L, 
984353450L, 530097356L, 641211791L, -558745147L, 1133788540L, 
-779958830L, -1900183219L, 578552839L, 1564586990L, 286137032L, 
989746635L, 1246122025L, 1193244280L, 432313254L, 2068182465L, 
339186259L, -1297852158L, -2012442572L, -1118967369L, -1435501139L, 
-190245180L, -2145273110L, -1555284651L, -1598033169L, -1432071946L, 
-521932768L, -631369245L, -1719635327L, -1580344080L, 190649230L, 
-748786439L, -1879107957L, 284223162L, 186935740L, -777512193L, 
30383701L, -182015636L, -136250942L, -766938595L, -385373545L, 
465478654L, 1933344696L, -16567397L, -416245255L, 254978376L, 
650892406L, -2029289039L, -1143607325L, -1189417806L, -1816485628L, 
-6944185L, 757968157L, -1497998444L, 1658474298L, -823610491L, 
1199220831L, 817912550L, -1867603600L, 1609198227L, 801854257L, 
-2109664800L, -357669250L, 995167497L, 1604443963L, 1691350794L, 
-678041876L, 507564911L, -2042977115L, 59676252L, 1291738674L, 
-1389789907L, 1075096551L, 1509837582L, 1784540392L, -341653781L, 
-353900663L, 312513304L, -648305082L, 939865761L, 1918392627L, 
1051752610L, -2121648236L, -1318726121L, 1642791437L, 1601017636L, 
-979643638L, 818290293L, -2116657713L, -2030401834L, 2078247552L, 
733410499L, -413896095L, -139048240L, 23424046L, -804634151L, 
44539371L, -634455974L, 1377778204L, 826252063L, 1609322357L, 
-151218676L, -1189425182L, -1827031875L, -750652617L, -126723106L, 
599726360L, -851219333L, -74984935L, -754183512L, -989972394L, 
-1882647343L, 930377859L, 289080082L, 1338840740L, 789283431L, 
285039549L, -2031119052L, 711962266L, 860536037L, -1818804609L, 
-2031278074L, -874951792L, -1357326797L, 1262077393L, 2146785152L, 
-863139234L, 1540633001L, -1478418341L, 653785194L, 392435980L, 
861090639L, -465375227L, 203263676L, -499497070L, -2087340915L, 
1420817095L, -1765055570L, 1239531016L, -905448949L, 1717101289L, 
-2033218120L, -126162330L, 1873123073L, 310682003L, -1126991294L, 
1487080948L, -296536073L, -1767265299L, -375569276L, 299817642L, 
-1193930731L, 257775791L, 1393948342L, 520193248L, 2068105251L, 
578131777L, 164158000L, 2081278030L, -987481927L, 1749413067L, 
889254266L, 813034620L, -1809266497L, -805929579L, -1637794388L, 
475993986L, -1323762339L, -1880083369L, 1307267902L, -569279624L, 
288569435L, -720535623L, -1560068600L, -1677103946L, 801405937L, 
1223312931L, -718473614L, -657183548L, 1576249991L, 908632669L, 
866395220L, -857198982L, 487067077L, -531189985L, 1992399526L, 
881466416L, -1435205933L, -1260004111L, -2056439776L, -1966498114L, 
-48006455L, -1449652101L, -767046070L, -1492108356L, -758162126L, 
446257088L, -1045413324L, 686013384L, 1133798586L, 2061520784L, 
1724644844L, 1897554004L, -1550365038L, -1807371488L, -643476020L, 
1477786592L, 1022913218L, -1860294104L, 1610024620L, -903943492L, 
1333328370L, -741709520L, 645684388L, 1919486648L, -191941798L, 
1305695632L, 1863369084L, -557566700L, -2108690110L, 1906113280L, 
-1016194116L, -1417305264L, 1005082914L, 680230216L, -516913140L, 
-1155563428L, 2100538578L, -1576515584L, 1306213204L, -773248536L, 
-1978195974L, -1946984752L, -1505856212L, 1067553012L, 1684141970L, 
-626615200L, 1095052556L, -165511456L, 694590818L, -957615448L, 
493709900L, -168474756L, 1290599218L, 516073072L, -83653308L, 
1632377816L, -1458429830L, 541341232L, -646737220L, 560473940L, 
-1829809598L, 818582432L, -1064177476L, 112773584L, -1649740446L, 
2115845096L, 1143472076L, 1172723452L, -1648762894L, -1919210368L, 
15268084L, 1876448392L, 2125817146L, 595649360L, -1688269716L, 
1100894356L, -926238382L, -1941387552L, 2073100492L, 667971744L, 
-77991550L, -1794379544L, 664346860L, 611352636L, -1540538254L, 
1250797680L, -1507599836L, 1423344184L, 175657498L, 594114768L, 
1013044796L, 736416916L, 568222850L, -185290816L, -295332548L, 
-2008127856L, 755874850L, 1506658312L, -868617076L, -1903081444L, 
1486046354L, -858751872L, -1352221676L, -700574936L, -1240282054L, 
-590545712L, 1034210412L, 1165113012L, 1063116818L, -1300971552L, 
967144396L, 1341797856L, -630490078L, -343706328L, -1806311156L, 
-1806016964L, 936269042L, -1037821712L, -465729724L, 277758040L, 
1551940154L, -642684688L, -1853246788L, -894774764L, -1353036606L, 
1810261600L, 1998370172L, -1876407088L, -1103651806L, 2027735208L, 
1522138508L, 497363388L, 1803753522L, 1371700032L, 960284340L, 
-1267011256L, 655696570L, 1475041040L, -2103293716L, 1924978772L, 
-2132840686L, 24052128L, 447188940L, 1533433696L, -120474430L, 
2084625960L, -1350973012L, 602002236L, 525071218L, -1330424016L, 
538486820L, -782942664L, 1005998810L, 1330702224L, 1357720828L, 
-1748658796L, -779791550L, 443484672L, -945854404L, 834021968L, 
1442070690L, -1188015288L, -1854381556L, -1579830564L, -1639339950L, 
-1122423680L, 2125360980L, -1625243672L, -159843590L, -1021444272L, 
-1170238420L, 112472436L, 225900178L, 865475168L, 2098780300L, 
794855776L, 2026514658L, 1713267880L, -1911480628L, -1306220036L, 
2114302898L, 1723071472L, 1862052292L, 2101833048L, -1378461318L, 
667425200L, 2028544444L, 896831060L, 1344190914L, -685356256L, 
1782471612L, -476712880L, 1840915426L, -85817496L, 1300389708L, 
226856700L, 672091890L, -2077127424L, 36119668L, 1163587080L, 
-708821574L, 965428688L, 1949396972L, 1561480084L, -1661685550L, 
-314688416L, -1533643444L, -2144826592L, -1493124478L, 927883752L, 
-2123422740L, -1165765060L, 1947008626L, 944436080L, -1995092700L, 
-280438216L, 1446957466L, -1559345712L, -2118720068L, -1794603372L, 
-1434795390L, -83323456L, 1091989308L, 1616343696L, -1143757022L, 
1926780424L, -1147403508L, 476617628L, -1559313390L, 1018499968L, 
-1623668220L, 889193909L, 262363807L, 657554168L, 234737366L, 
-1595368605L, 1020089125L, -1500946238L, 1136127408L, 160222681L, 
-942216373L, 4970940L, 1043741162L, -153223649L, -1729995607L, 
-2125478850L, -629662420L, -1025063043L, -1546590777L, -736722768L, 
1481375438L, 1431979003L, 17515613L, -1516053622L, -276567128L, 
1625270545L, 1414602755L, 245113604L, -428449998L, -294322809L, 
1150444497L, 226262358L, -542674124L, -605802939L, -1885783409L, 
-972327928L, -1918312410L, 1386455251L, -1951559115L, 369127826L, 
1140421984L, -1056629559L, -464969733L, -883171380L, -630427046L, 
-1917743281L, -1935294951L, -1020478418L, -2092359108L, -559603795L, 
1981454423L, 208928160L, 2046586622L, 8138187L, 387382221L, 1337650938L, 
1665533240L, 855305953L, 850084243L, 732801460L, 1219394242L, 
653593303L, 1077984033L, -333702426L, 1384684516L, 1972181781L, 
-32292033L, -1202886952L, 1574707958L, -1717003005L, 1998943813L, 
1147719266L, 770393552L, 819491577L, -643399637L, -760721508L, 
1178804170L, 762566847L, -1352414711L, -171703522L, 459090636L, 
1763041949L, 655765287L, 1307222352L, 1558564846L, -357576549L, 
1019337469L, -384155158L, 1407183496L, -1084031951L, -1924477277L, 
2124687012L, -970479790L, -548663641L, 958542577L, 1607653942L, 
-1423493420L, -1212130715L, -776243089L, 1955338920L, -1230215162L, 
799114547L, -1061058155L, -1079241230L, 1218193984L, -1169374295L, 
-768664037L, -1841776660L, 1113923578L, 1691468847L, -145411015L, 
1957537358L, -830695780L, -552063987L, -2053869449L, 992786560L, 
1834565342L, -1341450837L, -128653651L, 334215962L, -1812864040L, 
1460191297L, 759820019L, -1559834348L, -1850645342L, 1343881655L, 
25183617L, -1396681850L, 1197023684L, -1036826379L, 373770591L, 
-1687698504L, -865261930L, -2030980957L, 575224421L, 2076143490L, 
320021744L, 1068661913L, 1298961547L, -516711044L, 1434151850L, 
663808991L, 107250025L, 1900473726L, 233991532L, -1568000579L, 
